3
4
5
5
4
5
6
6
6
6
7
7
8
7
7
8
6
6
7
8
8
7
5
9
9
9
7
8
9
10
8
8
9
9
9
9
11
10
8
10
9
10
9
11
10
11
7
9
9
10
7
8
12
13
8
9
10
10
8
10
11
10
12
13
9
10
10
11
8
11
9
11
14
8
11
6
11
8
8
12
13
10
11
9
12
13
12
11
10
9
14
11
11
11
12
10
10
12
15
11
7
9
7
8
7
10
11
10
12
11
11
11
12
12
8
10
11
10
9
8
14
12
9
12
14
11
13
8
11
14
13
9
12
10
9
13
12
10
13
11
10
14
10
14
15
15
11
13
15
12
12
13
11
10
15
9
8
9
14
12
11
13
9
10
11
10
12
14
11
11
8
10
13
14
10
13
15
15
13
13
12
12
9
11
9
10
10
13
12
15
12
8
13
13
11
14
15
15
16
13
16
11
14
9
11
15
12
13
9
17
12
12
13
10
13
16
10
13
16
16
11
11
10
11
11
18
12
10
15
13
13
11
12
16
12
14
13
10
13
12
11
12
11
11
9
16
12
12
15
15
12
15
12
12
13
15
13
12
13
16
12
15
11
14
17
14
13
9
10
14
11
14
13
14
17
14
10
14
10
15
11
13
10
17
11
11
14
10
12
16
10
12
15
14
15
14
11
13
12
