504
505
506
506
505
506
507
507
507
507
508
508
509
508
508
509
507
507
508
509
509
508
506
510
510
510
508
509
510
511
509
509
510
510
510
510
512
511
509
511
510
511
510
512
511
512
508
510
510
511
508
509
513
514
509
510
511
511
509
511
512
511
513
514
510
511
511
512
509
512
510
512
515
509
512
507
512
509
509
513
514
511
512
510
513
514
513
512
511
510
515
512
512
512
513
511
511
513
516
512
508
510
508
509
508
511
512
511
513
512
512
512
513
513
509
511
512
511
510
509
515
513
510
513
515
512
514
509
512
515
514
510
513
511
510
514
513
511
514
512
511
515
511
515
516
516
512
514
516
513
513
514
512
511
516
510
509
510
515
513
512
514
510
511
512
511
513
515
512
512
509
511
514
515
511
514
516
516
514
514
513
513
510
512
510
511
511
514
513
516
513
509
514
514
512
515
516
516
517
514
517
512
515
510
512
516
513
514
510
518
513
513
514
511
514
517
511
514
517
517
512
512
511
512
512
519
513
511
516
514
514
512
513
517
513
515
514
511
514
513
512
513
512
512
510
517
513
513
516
