16/12/2006/19:51:00 3.388 233.220
502
16/12/2006/23:20:00 1.222 241.580
502
17/12/2006/00:29:00 0.612 243.680
502
16/12/2006/20:35:00 3.226 233.370
502
16/12/2006/17:37:00 5.268 232.910
502
16/12/2006/19:23:00 3.334 234.360
502
16/12/2006/18:25:00 4.870 233.740
502
16/12/2006/20:30:00 3.262 234.540
502
17/12/2006/00:32:00 2.376 241.860
502
17/12/2006/00:22:00 0.276 240.560
502
17/12/2006/00:27:00 2.332 239.450
502
16/12/2006/18:18:00 4.472 233.290
502
16/12/2006/17:55:00 3.758 234.170
502
17/12/2006/00:48:00 0.930 242.940
502
17/12/2006/00:03:00 2.974 239.970
502
17/12/2006/00:36:00 0.388 242.580
502
16/12/2006/19:41:00 3.406 233.260
502
16/12/2006/21:12:00 3.044 236.230
502
16/12/2006/22:27:00 1.388 240.870
502
17/12/2006/01:22:00 3.130 239.820
502
16/12/2006/21:13:00 1.766 237.700
502
16/12/2006/19:17:00 3.406 233.910
502
16/12/2006/17:24:00 4.216 234.840
502
16/12/2006/18:15:00 4.598 234.250
502
17/12/2006/00:38:00 2.480 241.860
502
16/12/2006/21:52:00 3.482 236.400
502
16/12/2006/20:42:00 3.376 234.630
502
16/12/2006/22:59:00 2.444 239.420
502
17/12/2006/01:31:00 4.432 239.350
502
16/12/2006/21:22:00 2.542 238.170
502
17/12/2006/00:15:00 1.658 238.480
502
16/12/2006/18:50:00 2.496 233.920
502
16/12/2006/18:44:00 2.978 234.810
502
17/12/2006/00:56:00 0.952 241.500
502
16/12/2006/23:13:00 2.330 239.740
502
16/12/2006/22:46:00 1.846 239.990
502
16/12/2006/21:48:00 3.484 235.980
502
16/12/2006/22:00:00 3.464 236.030
502
16/12/2006/23:21:00 2.342 240.210
502
16/12/2006/17:57:00 4.512 233.620
502
16/12/2006/23:26:00 2.398 240.700
502
16/12/2006/22:32:00 2.202 240.070
502
16/12/2006/17:47:00 5.174 234.190
502
16/12/2006/22:06:00 3.112 236.080
502
16/12/2006/23:30:00 2.502 240.240
502
16/12/2006/21:53:00 3.480 236.460
502
16/12/2006/19:48:00 3.380 232.810
502
16/12/2006/19:03:00 3.434 232.010
502
17/12/2006/00:13:00 2.526 236.950
502
17/12/2006/01:23:00 1.756 241.180
502
16/12/2006/20:06:00 3.282 232.520
502
16/12/2006/20:20:00 3.302 232.690
502
16/12/2006/21:40:00 2.360 236.890
502
16/12/2006/21:35:00 1.872 238.480
502
16/12/2006/18:20:00 2.928 235.250
502
17/12/2006/00:19:00 2.396 239.030
502
16/12/2006/17:46:00 7.026 232.210
502
16/12/2006/17:53:00 3.178 235.280
502
16/12/2006/21:03:00 3.342 237.660
502
17/12/2006/00:39:00 2.454 240.760
502
16/12/2006/18:13:00 2.308 237.430
502
16/12/2006/19:11:00 3.414 234.190
502
16/12/2006/22:26:00 1.530 240.720
502
16/12/2006/21:47:00 3.502 236.460
502
16/12/2006/20:25:00 3.230 232.790
502
17/12/2006/01:18:00 3.840 238.270
502
17/12/2006/00:17:00 0.790 239.470
502
17/12/2006/00:16:00 0.422 239.790
502
16/12/2006/20:38:00 3.196 232.210
502
16/12/2006/23:42:00 2.370 241.480
502
16/12/2006/18:23:00 2.926 235.680
502
16/12/2006/19:08:00 3.476 234.600
502
16/12/2006/21:44:00 3.424 237.750
502
16/12/2006/19:55:00 3.202 232.200
502
17/12/2006/01:25:00 4.500 239.040
502
16/12/2006/17:36:00 5.224 232.990
502
17/12/2006/01:04:00 4.582 238.080
502
17/12/2006/00:26:00 2.354 240.640
502
17/12/2006/00:28:00 2.368 241.400
502
16/12/2006/18:07:00 6.474 231.850
502
16/12/2006/22:11:00 2.810 237.970
502
16/12/2006/18:35:00 6.072 232.480
502
17/12/2006/01:19:00 4.636 237.370
502
16/12/2006/20:48:00 3.440 235.130
502
17/12/2006/01:06:00 2.362 241.350
502
16/12/2006/18:03:00 3.740 236.930
502
17/12/2006/01:20:00 4.634 237.170
502
16/12/2006/22:33:00 2.430 239.770
502
17/12/2006/01:41:00 4.500 240.420
502
16/12/2006/19:52:00 3.376 232.840
502
16/12/2006/22:08:00 3.358 236.140
502
16/12/2006/23:27:00 2.444 240.110
502
16/12/2006/18:42:00 2.258 235.120
502
16/12/2006/21:21:00 3.412 236.940
502
16/12/2006/22:05:00 3.362 235.700
502
17/12/2006/00:55:00 0.356 242.130
502
16/12/2006/20:52:00 3.480 236.860
502
16/12/2006/19:10:00 3.400 234.280
502
16/12/2006/22:07:00 1.614 237.310
502
