16/12/2006/19:51:00 3.388 233.220
5511
16/12/2006/23:20:00 1.222 241.580
5514
17/12/2006/00:29:00 0.612 243.680
5517
16/12/2006/20:35:00 3.226 233.370
5520
16/12/2006/17:37:00 5.268 232.910
5523
16/12/2006/19:23:00 3.334 234.360
5526
16/12/2006/18:25:00 4.870 233.740
5529
16/12/2006/20:30:00 3.262 234.540
5532
17/12/2006/00:32:00 2.376 241.860
5535
17/12/2006/00:22:00 0.276 240.560
5538
17/12/2006/00:27:00 2.332 239.450
5541
16/12/2006/18:18:00 4.472 233.290
5544
16/12/2006/17:55:00 3.758 234.170
5547
17/12/2006/00:48:00 0.930 242.940
5550
17/12/2006/00:03:00 2.974 239.970
5553
17/12/2006/00:36:00 0.388 242.580
5556
16/12/2006/19:41:00 3.406 233.260
5559
16/12/2006/21:12:00 3.044 236.230
5562
16/12/2006/22:27:00 1.388 240.870
5565
17/12/2006/01:22:00 3.130 239.820
5568
16/12/2006/21:13:00 1.766 237.700
5571
16/12/2006/19:17:00 3.406 233.910
5574
16/12/2006/17:24:00 4.216 234.840
5577
16/12/2006/18:15:00 4.598 234.250
5580
17/12/2006/00:38:00 2.480 241.860
5583
16/12/2006/21:52:00 3.482 236.400
5586
16/12/2006/20:42:00 3.376 234.630
5589
16/12/2006/22:59:00 2.444 239.420
5592
17/12/2006/01:31:00 4.432 239.350
5595
16/12/2006/21:22:00 2.542 238.170
5598
17/12/2006/00:15:00 1.658 238.480
5601
16/12/2006/18:50:00 2.496 233.920
5604
16/12/2006/18:44:00 2.978 234.810
5607
17/12/2006/00:56:00 0.952 241.500
5610
16/12/2006/23:13:00 2.330 239.740
5613
16/12/2006/22:46:00 1.846 239.990
5616
16/12/2006/21:48:00 3.484 235.980
5619
16/12/2006/22:00:00 3.464 236.030
5622
16/12/2006/23:21:00 2.342 240.210
5625
16/12/2006/17:57:00 4.512 233.620
5628
16/12/2006/23:26:00 2.398 240.700
5631
16/12/2006/22:32:00 2.202 240.070
5634
16/12/2006/17:47:00 5.174 234.190
5637
16/12/2006/22:06:00 3.112 236.080
5640
16/12/2006/23:30:00 2.502 240.240
5643
16/12/2006/21:53:00 3.480 236.460
5646
16/12/2006/19:48:00 3.380 232.810
5649
16/12/2006/19:03:00 3.434 232.010
5652
17/12/2006/00:13:00 2.526 236.950
5655
17/12/2006/01:23:00 1.756 241.180
5658
16/12/2006/20:06:00 3.282 232.520
5661
16/12/2006/20:20:00 3.302 232.690
5664
16/12/2006/21:40:00 2.360 236.890
5667
16/12/2006/21:35:00 1.872 238.480
5670
16/12/2006/18:20:00 2.928 235.250
5673
17/12/2006/00:19:00 2.396 239.030
5676
16/12/2006/17:46:00 7.026 232.210
5679
16/12/2006/17:53:00 3.178 235.280
5682
16/12/2006/21:03:00 3.342 237.660
5685
17/12/2006/00:39:00 2.454 240.760
5688
16/12/2006/18:13:00 2.308 237.430
5691
16/12/2006/19:11:00 3.414 234.190
5694
16/12/2006/22:26:00 1.530 240.720
5697
16/12/2006/21:47:00 3.502 236.460
5700
16/12/2006/20:25:00 3.230 232.790
5703
17/12/2006/01:18:00 3.840 238.270
5706
17/12/2006/00:17:00 0.790 239.470
5709
17/12/2006/00:16:00 0.422 239.790
5712
16/12/2006/20:38:00 3.196 232.210
5715
16/12/2006/23:42:00 2.370 241.480
5718
16/12/2006/18:23:00 2.926 235.680
5721
16/12/2006/19:08:00 3.476 234.600
5724
16/12/2006/21:44:00 3.424 237.750
5727
16/12/2006/19:55:00 3.202 232.200
5730
17/12/2006/01:25:00 4.500 239.040
5733
16/12/2006/17:36:00 5.224 232.990
5736
17/12/2006/01:04:00 4.582 238.080
5739
17/12/2006/00:26:00 2.354 240.640
5742
17/12/2006/00:28:00 2.368 241.400
5745
16/12/2006/18:07:00 6.474 231.850
5748
16/12/2006/22:11:00 2.810 237.970
5751
16/12/2006/18:35:00 6.072 232.480
5754
17/12/2006/01:19:00 4.636 237.370
5757
16/12/2006/20:48:00 3.440 235.130
5760
17/12/2006/01:06:00 2.362 241.350
5763
16/12/2006/18:03:00 3.740 236.930
5766
17/12/2006/01:20:00 4.634 237.170
5769
16/12/2006/22:33:00 2.430 239.770
5772
17/12/2006/01:41:00 4.500 240.420
5775
16/12/2006/19:52:00 3.376 232.840
5778
16/12/2006/22:08:00 3.358 236.140
5781
16/12/2006/23:27:00 2.444 240.110
5784
16/12/2006/18:42:00 2.258 235.120
5787
16/12/2006/21:21:00 3.412 236.940
5790
16/12/2006/22:05:00 3.362 235.700
5793
17/12/2006/00:55:00 0.356 242.130
5796
16/12/2006/20:52:00 3.480 236.860
5799
16/12/2006/19:10:00 3.400 234.280
5802
16/12/2006/22:07:00 1.614 237.310
5805
16/12/2006/17:56:00 4.342 233.770
5808
16/12/2006/17:31:00 3.700 235.220
5811
16/12/2006/19:59:00 3.214 232.660
5814
16/12/2006/20:34:00 3.222 233.270
5817
16/12/2006/19:46:00 3.352 231.660
5820
16/12/2006/19:26:00 3.620 233.470
5823
16/12/2006/23:11:00 2.336 240.070
5826
16/12/2006/23:09:00 0.852 241.640
5829
16/12/2006/20:05:00 3.278 232.880
5832
16/12/2006/21:55:00 2.308 237.330
5835
16/12/2006/20:02:00 3.216 232.800
5838
17/12/2006/00:40:00 2.468 241.520
5841
16/12/2006/18:29:00 2.920 235.840
5844
16/12/2006/21:49:00 3.478 235.850
5847
16/12/2006/21:19:00 3.442 237.580
5850
16/12/2006/19:38:00 3.418 233.380
5853
17/12/2006/00:07:00 2.472 241.620
5856
16/12/2006/21:00:00 3.314 236.760
5859
16/12/2006/22:51:00 2.414 239.970
5862
16/12/2006/18:19:00 2.852 235.610
5865
16/12/2006/19:50:00 3.378 232.820
5868
16/12/2006/21:27:00 1.848 238.590
5871
16/12/2006/23:46:00 2.654 240.740
5874
16/12/2006/20:07:00 3.292 232.870
5877
16/12/2006/23:40:00 2.378 241.180
5880
16/12/2006/22:19:00 2.350 238.590
5883
16/12/2006/22:49:00 2.392 239.910
5886
17/12/2006/01:09:00 5.242 239.490
5889
16/12/2006/17:27:00 5.388 233.740
5892
16/12/2006/17:49:00 3.248 236.660
5895
16/12/2006/18:01:00 2.624 238.200
5898
16/12/2006/23:48:00 2.526 241.790
5901
16/12/2006/19:47:00 3.364 232.220
5904
16/12/2006/22:42:00 1.584 240.890
5907
17/12/2006/00:37:00 1.458 242.300
5910
16/12/2006/19:43:00 3.378 232.390
5913
16/12/2006/22:45:00 2.334 239.570
5916
16/12/2006/23:02:00 2.206 239.370
5919
17/12/2006/00:21:00 2.304 238.380
5922
16/12/2006/19:09:00 3.394 235.120
5925
17/12/2006/00:20:00 2.338 238.370
5928
16/12/2006/20:28:00 3.264 234.790
5931
16/12/2006/18:05:00 6.052 232.930
5934
16/12/2006/20:15:00 3.370 233.900
5937
17/12/2006/01:15:00 5.216 237.440
5940
16/12/2006/21:31:00 1.948 238.410
5943
16/12/2006/17:59:00 2.472 236.940
5946
17/12/2006/00:50:00 1.376 243.110
5949
16/12/2006/23:00:00 2.410 238.900
5952
16/12/2006/18:06:00 6.752 232.120
5955
17/12/2006/00:47:00 2.448 240.780
5958
17/12/2006/01:01:00 0.430 243.400
5961
16/12/2006/18:12:00 3.730 235.780
5964
16/12/2006/22:53:00 1.420 238.640
5967
16/12/2006/23:18:00 2.346 240.550
5970
16/12/2006/18:02:00 2.772 238.280
5973
17/12/2006/00:34:00 2.406 240.000
5976
16/12/2006/19:25:00 3.476 232.960
5979
16/12/2006/19:28:00 3.646 234.340
5982
16/12/2006/22:43:00 2.328 239.460
5985
16/12/2006/20:00:00 3.206 232.430
5988
16/12/2006/22:30:00 2.388 239.480
5991
16/12/2006/21:57:00 3.472 236.390
5994
16/12/2006/21:11:00 3.306 236.440
5997
16/12/2006/20:47:00 3.426 234.590
6000
16/12/2006/19:12:00 3.432 234.690
6003
16/12/2006/18:17:00 4.202 234.310
6006
16/12/2006/23:28:00 0.406 241.710
6009
16/12/2006/21:37:00 3.346 237.060
6012
16/12/2006/20:13:00 3.400 233.640
6015
16/12/2006/20:17:00 3.310 232.830
6018
16/12/2006/17:34:00 4.448 232.860
6021
16/12/2006/19:45:00 3.350 231.570
6024
16/12/2006/22:04:00 3.372 236.030
6027
16/12/2006/23:56:00 2.730 239.430
6030
16/12/2006/18:56:00 4.230 232.320
6033
16/12/2006/21:18:00 1.876 238.630
6036
16/12/2006/22:21:00 2.078 238.970
6039
16/12/2006/21:36:00 3.212 237.270
6042
16/12/2006/22:36:00 0.384 240.580
6045
17/12/2006/01:05:00 5.282 237.380
6048
16/12/2006/18:28:00 3.176 235.500
6051
16/12/2006/18:41:00 2.270 235.270
6054
16/12/2006/17:28:00 3.666 235.680
6057
16/12/2006/18:16:00 4.524 234.200
6060
16/12/2006/20:41:00 3.254 234.430
6063
16/12/2006/19:33:00 3.370 233.100
6066
16/12/2006/20:22:00 3.300 232.870
6069
16/12/2006/21:51:00 3.494 236.280
6072
16/12/2006/19:04:00 3.366 232.780
6075
16/12/2006/22:13:00 3.370 236.060
6078
16/12/2006/17:52:00 3.258 235.490
6081
16/12/2006/19:19:00 3.418 234.340
6084
16/12/2006/20:01:00 3.222 233.020
6087
16/12/2006/19:07:00 3.616 234.440
6090
17/12/2006/01:33:00 2.186 242.070
6093
16/12/2006/21:15:00 3.414 236.510
6096
16/12/2006/21:17:00 3.420 237.060
6099
17/12/2006/00:00:00 1.044 242.730
6102
16/12/2006/18:00:00 2.790 237.520
6105
16/12/2006/23:34:00 2.508 240.060
6108
16/12/2006/22:22:00 0.780 239.930
6111
17/12/2006/00:04:00 2.846 240.390
6114
16/12/2006/22:40:00 2.306 238.390
6117
16/12/2006/19:20:00 3.422 234.580
6120
16/12/2006/20:26:00 3.218 233.050
6123
16/12/2006/23:55:00 1.290 240.690
6126
16/12/2006/22:55:00 2.474 238.050
6129
16/12/2006/17:50:00 3.236 235.840
6132
16/12/2006/17:35:00 5.412 232.780
6135
16/12/2006/22:23:00 2.426 239.050
6138
16/12/2006/20:56:00 2.044 237.440
6141
16/12/2006/23:10:00 2.340 240.050
6144
16/12/2006/21:54:00 3.474 236.280
6147
16/12/2006/19:58:00 3.206 232.400
6150
17/12/2006/00:41:00 2.028 241.880
6153
16/12/2006/22:12:00 2.180 238.020
6156
16/12/2006/23:25:00 2.350 240.700
6159
16/12/2006/23:45:00 0.416 242.940
6162
16/12/2006/22:20:00 2.428 238.870
6165
16/12/2006/22:18:00 1.606 238.760
6168
16/12/2006/23:16:00 2.350 240.410
6171
16/12/2006/17:44:00 5.894 232.690
6174
16/12/2006/21:05:00 3.334 237.460
6177
16/12/2006/19:37:00 3.382 232.420
6180
16/12/2006/19:00:00 4.070 231.990
6183
16/12/2006/22:25:00 2.428 239.680
6186
17/12/2006/01:40:00 3.214 241.920
6189
17/12/2006/00:35:00 1.004 242.000
6192
16/12/2006/21:46:00 3.250 238.950
6195
17/12/2006/01:36:00 3.746 240.360
6198
16/12/2006/18:27:00 4.866 233.790
6201
16/12/2006/19:32:00 3.372 233.200
6204
16/12/2006/20:11:00 3.410 233.930
6207
16/12/2006/21:33:00 3.368 236.120
6210
16/12/2006/19:16:00 3.394 233.450
6213
16/12/2006/22:34:00 2.346 240.050
6216
17/12/2006/00:57:00 2.426 240.450
6219
16/12/2006/20:40:00 3.232 233.630
6222
16/12/2006/22:54:00 2.468 237.470
6225
17/12/2006/01:30:00 3.652 240.110
6228
16/12/2006/23:22:00 2.334 239.980
6231
16/12/2006/17:45:00 7.706 230.980
6234
17/12/2006/00:18:00 2.436 238.510
6237
16/12/2006/18:52:00 2.322 233.440
6240
16/12/2006/19:18:00 3.420 234.430
6243
16/12/2006/23:58:00 2.764 241.270
6246
16/12/2006/20:16:00 3.332 233.680
6249
16/12/2006/18:31:00 2.912 235.810
6252
16/12/2006/21:39:00 3.302 236.280
6255
