16/12/2006/19:51:00 3.388 233.220
5511
16/12/2006/23:20:00 1.222 241.580
5514
17/12/2006/00:29:00 0.612 243.680
5517
16/12/2006/20:35:00 3.226 233.370
5520
16/12/2006/17:37:00 5.268 232.910
5523
16/12/2006/19:23:00 3.334 234.360
5526
16/12/2006/18:25:00 4.870 233.740
5529
16/12/2006/20:30:00 3.262 234.540
5532
17/12/2006/00:32:00 2.376 241.860
5535
17/12/2006/00:22:00 0.276 240.560
5538
17/12/2006/00:27:00 2.332 239.450
5541
16/12/2006/18:18:00 4.472 233.290
5544
16/12/2006/17:55:00 3.758 234.170
5547
17/12/2006/00:48:00 0.930 242.940
5550
17/12/2006/00:03:00 2.974 239.970
5553
17/12/2006/00:36:00 0.388 242.580
5556
16/12/2006/19:41:00 3.406 233.260
5559
16/12/2006/21:12:00 3.044 236.230
5562
16/12/2006/22:27:00 1.388 240.870
5565
17/12/2006/01:22:00 3.130 239.820
5568
16/12/2006/21:13:00 1.766 237.700
5571
16/12/2006/19:17:00 3.406 233.910
5574
16/12/2006/17:24:00 4.216 234.840
5577
16/12/2006/18:15:00 4.598 234.250
5580
17/12/2006/00:38:00 2.480 241.860
5583
16/12/2006/21:52:00 3.482 236.400
5586
16/12/2006/20:42:00 3.376 234.630
5589
16/12/2006/22:59:00 2.444 239.420
5592
17/12/2006/01:31:00 4.432 239.350
5595
16/12/2006/21:22:00 2.542 238.170
5598
17/12/2006/00:15:00 1.658 238.480
5601
16/12/2006/18:50:00 2.496 233.920
5604
16/12/2006/18:44:00 2.978 234.810
5607
17/12/2006/00:56:00 0.952 241.500
5610
16/12/2006/23:13:00 2.330 239.740
5613
16/12/2006/22:46:00 1.846 239.990
5616
16/12/2006/21:48:00 3.484 235.980
5619
16/12/2006/22:00:00 3.464 236.030
5622
16/12/2006/23:21:00 2.342 240.210
5625
16/12/2006/17:57:00 4.512 233.620
5628
16/12/2006/23:26:00 2.398 240.700
5631
16/12/2006/22:32:00 2.202 240.070
5634
16/12/2006/17:47:00 5.174 234.190
5637
16/12/2006/22:06:00 3.112 236.080
5640
16/12/2006/23:30:00 2.502 240.240
5643
16/12/2006/21:53:00 3.480 236.460
5646
16/12/2006/19:48:00 3.380 232.810
5649
16/12/2006/19:03:00 3.434 232.010
5652
17/12/2006/00:13:00 2.526 236.950
5655
17/12/2006/01:23:00 1.756 241.180
5658
16/12/2006/20:06:00 3.282 232.520
5661
16/12/2006/20:20:00 3.302 232.690
5664
16/12/2006/21:40:00 2.360 236.890
5667
16/12/2006/21:35:00 1.872 238.480
5670
16/12/2006/18:20:00 2.928 235.250
5673
17/12/2006/00:19:00 2.396 239.030
5676
16/12/2006/17:46:00 7.026 232.210
5679
16/12/2006/17:53:00 3.178 235.280
5682
16/12/2006/21:03:00 3.342 237.660
5685
17/12/2006/00:39:00 2.454 240.760
5688
16/12/2006/18:13:00 2.308 237.430
5691
16/12/2006/19:11:00 3.414 234.190
5694
16/12/2006/22:26:00 1.530 240.720
5697
16/12/2006/21:47:00 3.502 236.460
5700
16/12/2006/20:25:00 3.230 232.790
5703
17/12/2006/01:18:00 3.840 238.270
5706
17/12/2006/00:17:00 0.790 239.470
5709
17/12/2006/00:16:00 0.422 239.790
5712
16/12/2006/20:38:00 3.196 232.210
5715
16/12/2006/23:42:00 2.370 241.480
5718
16/12/2006/18:23:00 2.926 235.680
5721
16/12/2006/19:08:00 3.476 234.600
5724
16/12/2006/21:44:00 3.424 237.750
5727
16/12/2006/19:55:00 3.202 232.200
5730
17/12/2006/01:25:00 4.500 239.040
5733
16/12/2006/17:36:00 5.224 232.990
5736
17/12/2006/01:04:00 4.582 238.080
5739
17/12/2006/00:26:00 2.354 240.640
5742
17/12/2006/00:28:00 2.368 241.400
5745
16/12/2006/18:07:00 6.474 231.850
5748
16/12/2006/22:11:00 2.810 237.970
5751
16/12/2006/18:35:00 6.072 232.480
5754
17/12/2006/01:19:00 4.636 237.370
5757
16/12/2006/20:48:00 3.440 235.130
5760
17/12/2006/01:06:00 2.362 241.350
5763
16/12/2006/18:03:00 3.740 236.930
5766
17/12/2006/01:20:00 4.634 237.170
5769
16/12/2006/22:33:00 2.430 239.770
5772
17/12/2006/01:41:00 4.500 240.420
5775
16/12/2006/19:52:00 3.376 232.840
5778
16/12/2006/22:08:00 3.358 236.140
5781
16/12/2006/23:27:00 2.444 240.110
5784
16/12/2006/18:42:00 2.258 235.120
5787
16/12/2006/21:21:00 3.412 236.940
5790
16/12/2006/22:05:00 3.362 235.700
5793
17/12/2006/00:55:00 0.356 242.130
5796
16/12/2006/20:52:00 3.480 236.860
5799
16/12/2006/19:10:00 3.400 234.280
5802
16/12/2006/22:07:00 1.614 237.310
5805
16/12/2006/17:56:00 4.342 233.770
5808
16/12/2006/17:31:00 3.700 235.220
5811
16/12/2006/19:59:00 3.214 232.660
5814
16/12/2006/20:34:00 3.222 233.270
5817
16/12/2006/19:46:00 3.352 231.660
5820
16/12/2006/19:26:00 3.620 233.470
5823
16/12/2006/23:11:00 2.336 240.070
5826
16/12/2006/23:09:00 0.852 241.640
5829
16/12/2006/20:05:00 3.278 232.880
5832
16/12/2006/21:55:00 2.308 237.330
5835
16/12/2006/20:02:00 3.216 232.800
5838
17/12/2006/00:40:00 2.468 241.520
5841
16/12/2006/18:29:00 2.920 235.840
5844
16/12/2006/21:49:00 3.478 235.850
5847
16/12/2006/21:19:00 3.442 237.580
5850
16/12/2006/19:38:00 3.418 233.380
5853
17/12/2006/00:07:00 2.472 241.620
5856
16/12/2006/21:00:00 3.314 236.760
5859
16/12/2006/22:51:00 2.414 239.970
5862
16/12/2006/18:19:00 2.852 235.610
5865
16/12/2006/19:50:00 3.378 232.820
5868
16/12/2006/21:27:00 1.848 238.590
5871
16/12/2006/23:46:00 2.654 240.740
5874
16/12/2006/20:07:00 3.292 232.870
5877
16/12/2006/23:40:00 2.378 241.180
5880
16/12/2006/22:19:00 2.350 238.590
5883
16/12/2006/22:49:00 2.392 239.910
5886
17/12/2006/01:09:00 5.242 239.490
5889
16/12/2006/17:27:00 5.388 233.740
5892
16/12/2006/17:49:00 3.248 236.660
5895
16/12/2006/18:01:00 2.624 238.200
5898
16/12/2006/23:48:00 2.526 241.790
5901
16/12/2006/19:47:00 3.364 232.220
5904
16/12/2006/22:42:00 1.584 240.890
5907
17/12/2006/00:37:00 1.458 242.300
5910
16/12/2006/19:43:00 3.378 232.390
5913
16/12/2006/22:45:00 2.334 239.570
5916
16/12/2006/23:02:00 2.206 239.370
5919
17/12/2006/00:21:00 2.304 238.380
5922
16/12/2006/19:09:00 3.394 235.120
5925
17/12/2006/00:20:00 2.338 238.370
5928
16/12/2006/20:28:00 3.264 234.790
5931
16/12/2006/18:05:00 6.052 232.930
5934
16/12/2006/20:15:00 3.370 233.900
5937
17/12/2006/01:15:00 5.216 237.440
5940
16/12/2006/21:31:00 1.948 238.410
5943
16/12/2006/17:59:00 2.472 236.940
5946
17/12/2006/00:50:00 1.376 243.110
5949
16/12/2006/23:00:00 2.410 238.900
5952
16/12/2006/18:06:00 6.752 232.120
5955
17/12/2006/00:47:00 2.448 240.780
5958
17/12/2006/01:01:00 0.430 243.400
5961
16/12/2006/18:12:00 3.730 235.780
5964
16/12/2006/22:53:00 1.420 238.640
5967
16/12/2006/23:18:00 2.346 240.550
5970
16/12/2006/18:02:00 2.772 238.280
5973
17/12/2006/00:34:00 2.406 240.000
5976
16/12/2006/19:25:00 3.476 232.960
5979
16/12/2006/19:28:00 3.646 234.340
5982
16/12/2006/22:43:00 2.328 239.460
5985
16/12/2006/20:00:00 3.206 232.430
5988
16/12/2006/22:30:00 2.388 239.480
5991
16/12/2006/21:57:00 3.472 236.390
5994
16/12/2006/21:11:00 3.306 236.440
5997
16/12/2006/20:47:00 3.426 234.590
6000
16/12/2006/19:12:00 3.432 234.690
6003
16/12/2006/18:17:00 4.202 234.310
6006
16/12/2006/23:28:00 0.406 241.710
6009
16/12/2006/21:37:00 3.346 237.060
6012
16/12/2006/20:13:00 3.400 233.640
6015
16/12/2006/20:17:00 3.310 232.830
6018
16/12/2006/17:34:00 4.448 232.860
6021
16/12/2006/19:45:00 3.350 231.570
6024
16/12/2006/22:04:00 3.372 236.030
6027
16/12/2006/23:56:00 2.730 239.430
6030
16/12/2006/18:56:00 4.230 232.320
6033
16/12/2006/21:18:00 1.876 238.630
6036
16/12/2006/22:21:00 2.078 238.970
6039
16/12/2006/21:36:00 3.212 237.270
6042
16/12/2006/22:36:00 0.384 240.580
6045
17/12/2006/01:05:00 5.282 237.380
6048
16/12/2006/18:28:00 3.176 235.500
6051
16/12/2006/18:41:00 2.270 235.270
6054
16/12/2006/17:28:00 3.666 235.680
6057
16/12/2006/18:16:00 4.524 234.200
6060
16/12/2006/20:41:00 3.254 234.430
6063
16/12/2006/19:33:00 3.370 233.100
6066
16/12/2006/20:22:00 3.300 232.870
6069
16/12/2006/21:51:00 3.494 236.280
6072
16/12/2006/19:04:00 3.366 232.780
6075
16/12/2006/22:13:00 3.370 236.060
6078
16/12/2006/17:52:00 3.258 235.490
6081
16/12/2006/19:19:00 3.418 234.340
6084
16/12/2006/20:01:00 3.222 233.020
6087
16/12/2006/19:07:00 3.616 234.440
6090
17/12/2006/01:33:00 2.186 242.070
6093
16/12/2006/21:15:00 3.414 236.510
6096
16/12/2006/21:17:00 3.420 237.060
6099
17/12/2006/00:00:00 1.044 242.730
6102
16/12/2006/18:00:00 2.790 237.520
6105
16/12/2006/23:34:00 2.508 240.060
6108
16/12/2006/22:22:00 0.780 239.930
6111
17/12/2006/00:04:00 2.846 240.390
6114
16/12/2006/22:40:00 2.306 238.390
6117
16/12/2006/19:20:00 3.422 234.580
6120
16/12/2006/20:26:00 3.218 233.050
6123
16/12/2006/23:55:00 1.290 240.690
6126
16/12/2006/22:55:00 2.474 238.050
6129
16/12/2006/17:50:00 3.236 235.840
6132
16/12/2006/17:35:00 5.412 232.780
6135
16/12/2006/22:23:00 2.426 239.050
6138
16/12/2006/20:56:00 2.044 237.440
6141
16/12/2006/23:10:00 2.340 240.050
6144
16/12/2006/21:54:00 3.474 236.280
6147
16/12/2006/19:58:00 3.206 232.400
6150
17/12/2006/00:41:00 2.028 241.880
6153
16/12/2006/22:12:00 2.180 238.020
6156
16/12/2006/23:25:00 2.350 240.700
6159
16/12/2006/23:45:00 0.416 242.940
6162
16/12/2006/22:20:00 2.428 238.870
6165
16/12/2006/22:18:00 1.606 238.760
6168
16/12/2006/23:16:00 2.350 240.410
6171
16/12/2006/17:44:00 5.894 232.690
6174
16/12/2006/21:05:00 3.334 237.460
6177
16/12/2006/19:37:00 3.382 232.420
6180
16/12/2006/19:00:00 4.070 231.990
6183
16/12/2006/22:25:00 2.428 239.680
6186
17/12/2006/01:40:00 3.214 241.920
6189
17/12/2006/00:35:00 1.004 242.000
6192
16/12/2006/21:46:00 3.250 238.950
6195
17/12/2006/01:36:00 3.746 240.360
6198
16/12/2006/18:27:00 4.866 233.790
6201
16/12/2006/19:32:00 3.372 233.200
6204
16/12/2006/20:11:00 3.410 233.930
6207
16/12/2006/21:33:00 3.368 236.120
6210
16/12/2006/19:16:00 3.394 233.450
6213
16/12/2006/22:34:00 2.346 240.050
6216
17/12/2006/00:57:00 2.426 240.450
6219
16/12/2006/20:40:00 3.232 233.630
6222
16/12/2006/22:54:00 2.468 237.470
6225
17/12/2006/01:30:00 3.652 240.110
6228
16/12/2006/23:22:00 2.334 239.980
6231
16/12/2006/17:45:00 7.706 230.980
6234
17/12/2006/00:18:00 2.436 238.510
6237
16/12/2006/18:52:00 2.322 233.440
6240
16/12/2006/19:18:00 3.420 234.430
6243
16/12/2006/23:58:00 2.764 241.270
6246
16/12/2006/20:16:00 3.332 233.680
6249
16/12/2006/18:31:00 2.912 235.810
6252
16/12/2006/21:39:00 3.302 236.280
6255
17/12/2006/01:11:00 3.738 240.390
6258
16/12/2006/17:39:00 3.384 237.140
6261
16/12/2006/21:43:00 3.398 236.830
6264
17/12/2006/00:05:00 2.848 240.590
6267
16/12/2006/22:29:00 2.428 239.890
6270
17/12/2006/01:27:00 3.940 239.190
6273
16/12/2006/22:09:00 3.388 236.610
6276
16/12/2006/22:58:00 0.674 241.360
6279
16/12/2006/18:59:00 4.224 231.960
6282
16/12/2006/20:53:00 3.474 236.720
6285
16/12/2006/23:50:00 3.844 238.710
6288
16/12/2006/22:52:00 0.754 241.270
6291
16/12/2006/22:35:00 1.916 239.750
6294
17/12/2006/01:42:00 3.800 241.780
6297
17/12/2006/01:26:00 3.552 240.290
6300
16/12/2006/23:51:00 4.122 237.990
6303
16/12/2006/23:01:00 2.412 239.130
6306
16/12/2006/20:10:00 3.420 234.040
6309
16/12/2006/20:36:00 3.206 232.640
6312
16/12/2006/19:22:00 3.316 234.290
6315
17/12/2006/00:58:00 2.420 240.350
6318
16/12/2006/21:08:00 2.188 237.740
6321
16/12/2006/18:10:00 3.396 236.200
6324
16/12/2006/23:07:00 2.342 239.740
6327
16/12/2006/21:50:00 1.696 238.190
6330
16/12/2006/23:49:00 1.206 241.830
6333
17/12/2006/00:44:00 2.466 241.430
6336
16/12/2006/18:47:00 4.218 233.980
6339
16/12/2006/22:56:00 2.488 239.030
6342
16/12/2006/17:30:00 3.702 235.090
6345
16/12/2006/21:23:00 2.820 237.420
6348
16/12/2006/21:04:00 3.354 238.200
6351
16/12/2006/19:15:00 3.394 233.430
6354
16/12/2006/18:21:00 2.940 236.040
6357
16/12/2006/22:16:00 2.358 237.100
6360
16/12/2006/17:54:00 2.720 235.060
6363
16/12/2006/20:23:00 3.290 232.420
6366
17/12/2006/01:08:00 4.618 239.610
6369
17/12/2006/00:14:00 2.472 237.550
6372
17/12/2006/00:53:00 2.444 241.380
6375
16/12/2006/21:29:00 3.420 237.730
6378
16/12/2006/18:24:00 3.452 235.200
6381
16/12/2006/22:48:00 2.342 239.890
6384
16/12/2006/18:08:00 6.308 232.250
6387
16/12/2006/19:13:00 3.418 234.260
6390
16/12/2006/18:11:00 3.090 237.070
6393
17/12/2006/01:39:00 1.670 242.210
6396
16/12/2006/19:56:00 3.202 232.200
6399
16/12/2006/18:57:00 3.924 232.790
6402
16/12/2006/19:34:00 3.342 232.290
6405
16/12/2006/17:48:00 4.474 234.960
6408
17/12/2006/01:16:00 3.858 238.520
6411
16/12/2006/23:14:00 1.038 241.170
6414
16/12/2006/21:25:00 3.392 236.240
6417
17/12/2006/01:07:00 3.250 240.950
6420
17/12/2006/01:28:00 2.440 240.800
6423
17/12/2006/00:59:00 2.412 240.650
6426
17/12/2006/00:45:00 2.456 241.180
6429
16/12/2006/18:32:00 2.608 235.410
6432
16/12/2006/19:53:00 3.254 232.750
6435
17/12/2006/00:24:00 2.332 239.110
6438
16/12/2006/19:35:00 3.284 232.450
6441
16/12/2006/20:32:00 3.238 233.770
6444
16/12/2006/17:42:00 3.266 237.130
6447
16/12/2006/21:58:00 3.480 236.750
6450
17/12/2006/01:12:00 3.426 240.310
6453
16/12/2006/22:15:00 2.778 235.310
6456
16/12/2006/22:28:00 2.424 239.710
6459
16/12/2006/18:14:00 2.388 237.260
6462
16/12/2006/23:38:00 2.304 240.950
6465
17/12/2006/00:23:00 0.712 239.840
6468
16/12/2006/21:09:00 3.330 237.260
6471
17/12/2006/00:49:00 0.286 243.840
6474
16/12/2006/20:29:00 3.260 234.600
6477
16/12/2006/19:40:00 3.406 233.200
6480
16/12/2006/19:57:00 3.212 232.580
6483
16/12/2006/20:12:00 3.400 233.620
6486
16/12/2006/21:26:00 2.878 237.170
6489
17/12/2006/01:43:00 2.664 243.310
6492
16/12/2006/22:47:00 0.284 242.040
6495
16/12/2006/23:06:00 2.418 239.520
6498
17/12/2006/00:02:00 3.038 240.140
6501
16/12/2006/22:38:00 2.320 238.840
6504
16/12/2006/20:37:00 3.188 231.950
6507
17/12/2006/01:14:00 5.246 237.910
6510
16/12/2006/18:39:00 2.326 234.760
6513
16/12/2006/21:34:00 3.378 236.540
6516
16/12/2006/21:28:00 3.494 237.430
6519
17/12/2006/01:13:00 5.254 238.150
6522
16/12/2006/22:03:00 3.378 236.260
6525
16/12/2006/17:58:00 4.058 234.680
6528
17/12/2006/00:01:00 1.520 242.200
6531
16/12/2006/20:55:00 1.832 237.540
6534
16/12/2006/18:43:00 2.188 235.800
6537
16/12/2006/17:25:00 5.360 233.630
6540
16/12/2006/22:39:00 2.306 238.390
6543
17/12/2006/00:11:00 2.598 239.440
6546
16/12/2006/23:54:00 0.596 240.880
6549
16/12/2006/21:02:00 1.692 238.720
6552
16/12/2006/23:12:00 2.334 239.990
6555
16/12/2006/19:29:00 3.614 233.920
6558
16/12/2006/18:46:00 4.204 234.200
6561
16/12/2006/20:49:00 3.440 235.140
6564
17/12/2006/01:17:00 2.822 239.550
6567
16/12/2006/20:09:00 3.370 233.690
6570
16/12/2006/21:30:00 3.226 237.200
6573
16/12/2006/19:44:00 3.368 232.140
6576
17/12/2006/00:31:00 1.952 242.070
6579
16/12/2006/23:57:00 2.734 239.810
6582
16/12/2006/19:24:00 3.262 232.640
6585
16/12/2006/23:24:00 1.198 241.680
6588
17/12/2006/01:00:00 1.008 242.350
6591
16/12/2006/23:44:00 2.352 240.960
6594
16/12/2006/19:01:00 3.612 232.360
6597
16/12/2006/18:54:00 4.298 232.390
6600
16/12/2006/20:27:00 3.258 234.570
6603
16/12/2006/20:18:00 3.312 233.000
6606
17/12/2006/01:03:00 3.766 239.130
6609
16/12/2006/18:55:00 4.230 232.250
6612
16/12/2006/23:53:00 1.988 240.260
6615
16/12/2006/22:57:00 1.810 240.280
6618
16/12/2006/17:40:00 3.270 236.730
6621
16/12/2006/23:05:00 2.404 238.730
6624
17/12/2006/01:34:00 2.358 241.540
6627
16/12/2006/20:04:00 3.194 231.980
6630
16/12/2006/19:06:00 3.382 233.690
6633
16/12/2006/21:01:00 3.306 237.110
6636
16/12/2006/17:26:00 5.374 233.290
6639
16/12/2006/18:30:00 2.930 236.150
6642
16/12/2006/21:38:00 3.308 236.490
6645
17/12/2006/01:37:00 3.944 239.790
6648
17/12/2006/00:52:00 2.456 242.010
6651
16/12/2006/23:33:00 1.498 241.020
6654
16/12/2006/18:33:00 2.714 234.820
6657
16/12/2006/20:14:00 3.388 233.260
6660
16/12/2006/21:41:00 2.652 236.640
6663
16/12/2006/19:02:00 3.458 232.710
6666
16/12/2006/22:10:00 3.392 236.930
6669
17/12/2006/01:38:00 3.680 239.550
6672
16/12/2006/23:19:00 1.834 240.970
6675
16/12/2006/19:14:00 3.392 233.300
6678
16/12/2006/22:14:00 3.326 234.450
6681
16/12/2006/18:26:00 4.868 233.840
6684
16/12/2006/20:19:00 3.314 233.080
6687
16/12/2006/23:41:00 0.384 243.730
6690
16/12/2006/22:44:00 2.326 239.270
6693
16/12/2006/18:45:00 4.200 234.380
6696
16/12/2006/20:08:00 3.316 233.780
6699
16/12/2006/17:38:00 4.054 235.240
6702
16/12/2006/20:54:00 3.456 236.050
6705
16/12/2006/23:37:00 0.814 242.160
6708
16/12/2006/21:14:00 3.376 235.730
6711
16/12/2006/19:05:00 3.404 233.080
6714
16/12/2006/20:39:00 3.204 232.500
6717
17/12/2006/01:21:00 4.652 237.920
6720
16/12/2006/19:30:00 3.408 233.940
6723
16/12/2006/20:58:00 3.282 235.550
6726
17/12/2006/00:10:00 2.608 239.450
6729
16/12/2006/23:39:00 2.530 241.740
6732
17/12/2006/00:54:00 2.122 240.910
6735
16/12/2006/18:09:00 4.464 234.660
6738
16/12/2006/23:43:00 2.358 241.130
6741
16/12/2006/20:59:00 3.308 236.510
6744
16/12/2006/18:22:00 2.934 235.510
6747
16/12/2006/22:24:00 2.412 238.460
6750
17/12/2006/01:02:00 2.676 240.690
6753
17/12/2006/00:30:00 0.286 244.030
6756
16/12/2006/23:17:00 2.346 240.500
6759
16/12/2006/20:21:00 3.302 232.910
6762
16/12/2006/21:59:00 3.454 235.730
6765
16/12/2006/23:32:00 1.516 241.360
6768
17/12/2006/01:10:00 4.860 239.650
6771
16/12/2006/20:50:00 3.454 235.750
6774
16/12/2006/18:51:00 2.336 233.510
6777
16/12/2006/18:34:00 3.538 233.760
6780
16/12/2006/19:49:00 3.404 233.770
6783
16/12/2006/21:07:00 2.740 238.130
6786
16/12/2006/18:37:00 4.408 232.320
6789
16/12/2006/21:56:00 2.926 237.090
6792
16/12/2006/22:31:00 0.376 241.640
6795
17/12/2006/00:43:00 0.902 242.620
6798
17/12/2006/01:24:00 3.478 239.840
6801
16/12/2006/22:17:00 0.960 238.680
6804
16/12/2006/23:59:00 2.586 241.630
6807
16/12/2006/22:02:00 3.182 235.990
6810
16/12/2006/21:32:00 3.392 236.600
6813
16/12/2006/20:51:00 3.450 235.690
6816
16/12/2006/22:41:00 0.436 241.060
6819
17/12/2006/00:08:00 0.658 243.750
6822
16/12/2006/23:23:00 1.666 240.650
6825
16/12/2006/20:31:00 3.264 234.600
6828
16/12/2006/23:36:00 2.492 239.490
6831
16/12/2006/18:36:00 4.536 233.540
6834
16/12/2006/23:04:00 2.104 240.110
6837
16/12/2006/21:06:00 3.330 237.360
6840
17/12/2006/00:51:00 2.456 241.980
6843
16/12/2006/19:54:00 3.214 232.640
6846
16/12/2006/23:29:00 2.434 240.130
6849
16/12/2006/19:36:00 3.276 231.970
6852
16/12/2006/20:44:00 3.366 234.960
6855
16/12/2006/21:20:00 3.414 236.870
6858
16/12/2006/23:08:00 1.262 240.960
6861
16/12/2006/20:57:00 3.354 237.000
6864
16/12/2006/18:53:00 2.448 233.640
6867
16/12/2006/18:49:00 2.540 234.670
6870
16/12/2006/21:45:00 1.860 239.690
6873
16/12/2006/21:16:00 3.426 237.110
6876
16/12/2006/19:42:00 3.392 232.840
6879
16/12/2006/19:27:00 3.610 234.980
6882
16/12/2006/18:58:00 4.218 232.090
6885
16/12/2006/21:24:00 3.410 236.910
6888
16/12/2006/20:46:00 3.496 236.760
6891
16/12/2006/20:33:00 3.228 233.500
6894
16/12/2006/20:43:00 3.372 235.050
6897
17/12/2006/01:35:00 3.954 239.840
6900
17/12/2006/00:12:00 2.560 238.710
6903
17/12/2006/00:46:00 2.450 240.820
6906
16/12/2006/23:03:00 0.370 241.580
6909
16/12/2006/19:39:00 3.396 232.690
6912
16/12/2006/20:03:00 3.216 232.790
6915
16/12/2006/22:50:00 2.414 240.020
6918
16/12/2006/20:24:00 3.286 232.310
6921
17/12/2006/01:32:00 4.460 240.080
6924
16/12/2006/18:04:00 4.928 235.010
6927
17/12/2006/00:06:00 2.858 241.140
6930
16/12/2006/19:31:00 3.388 233.720
6933
16/12/2006/18:48:00 2.786 234.990
6936
17/12/2006/00:25:00 2.344 239.990
6939
16/12/2006/17:51:00 3.228 235.600
6942
16/12/2006/21:42:00 3.392 236.580
6945
16/12/2006/22:37:00 2.334 239.200
6948
16/12/2006/17:29:00 3.520 235.020
6951
16/12/2006/17:33:00 3.662 233.860
6954
16/12/2006/17:32:00 3.668 233.990
6957
16/12/2006/18:40:00 2.264 234.670
6960
17/12/2006/00:33:00 2.374 241.700
6963
16/12/2006/23:35:00 2.504 240.090
6966
17/12/2006/01:29:00 2.080 241.610
6969
16/12/2006/23:31:00 2.518 240.530
6972
16/12/2006/20:45:00 3.386 235.770
6975
16/12/2006/21:10:00 3.340 237.690
6978
16/12/2006/23:15:00 0.386 242.390
6981
17/12/2006/00:42:00 0.382 243.650
6984
16/12/2006/23:52:00 3.458 238.890
6987
16/12/2006/18:38:00 2.912 234.020
6990
16/12/2006/17:41:00 3.430 237.060
6993
16/12/2006/19:21:00 3.332 234.020
6996
16/12/2006/23:47:00 2.540 241.230
6999
17/12/2006/00:09:00 0.838 242.090
7002
16/12/2006/22:01:00 1.786 237.680
7005
