16/12/2006/19:51:00 3.388 233.220
5511
16/12/2006/23:20:00 1.222 241.580
5514
17/12/2006/00:29:00 0.612 243.680
5517
16/12/2006/20:35:00 3.226 233.370
5520
16/12/2006/17:37:00 5.268 232.910
5523
16/12/2006/19:23:00 3.334 234.360
5526
16/12/2006/18:25:00 4.870 233.740
5529
16/12/2006/20:30:00 3.262 234.540
5532
17/12/2006/00:32:00 2.376 241.860
5535
17/12/2006/00:22:00 0.276 240.560
5538
17/12/2006/00:27:00 2.332 239.450
5541
16/12/2006/18:18:00 4.472 233.290
5544
16/12/2006/17:55:00 3.758 234.170
5547
17/12/2006/00:48:00 0.930 242.940
5550
17/12/2006/00:03:00 2.974 239.970
5553
17/12/2006/00:36:00 0.388 242.580
5556
16/12/2006/19:41:00 3.406 233.260
5559
16/12/2006/21:12:00 3.044 236.230
5562
16/12/2006/22:27:00 1.388 240.870
5565
17/12/2006/01:22:00 3.130 239.820
5568
16/12/2006/21:13:00 1.766 237.700
5571
16/12/2006/19:17:00 3.406 233.910
5574
16/12/2006/17:24:00 4.216 234.840
5577
16/12/2006/18:15:00 4.598 234.250
5580
17/12/2006/00:38:00 2.480 241.860
5583
16/12/2006/21:52:00 3.482 236.400
5586
16/12/2006/20:42:00 3.376 234.630
5589
16/12/2006/22:59:00 2.444 239.420
5592
17/12/2006/01:31:00 4.432 239.350
5595
16/12/2006/21:22:00 2.542 238.170
5598
17/12/2006/00:15:00 1.658 238.480
5601
16/12/2006/18:50:00 2.496 233.920
5604
16/12/2006/18:44:00 2.978 234.810
5607
17/12/2006/00:56:00 0.952 241.500
5610
16/12/2006/23:13:00 2.330 239.740
5613
16/12/2006/22:46:00 1.846 239.990
5616
16/12/2006/21:48:00 3.484 235.980
5619
16/12/2006/22:00:00 3.464 236.030
5622
16/12/2006/23:21:00 2.342 240.210
5625
16/12/2006/17:57:00 4.512 233.620
5628
16/12/2006/23:26:00 2.398 240.700
5631
16/12/2006/22:32:00 2.202 240.070
5634
16/12/2006/17:47:00 5.174 234.190
5637
16/12/2006/22:06:00 3.112 236.080
5640
16/12/2006/23:30:00 2.502 240.240
5643
16/12/2006/21:53:00 3.480 236.460
5646
16/12/2006/19:48:00 3.380 232.810
5649
16/12/2006/19:03:00 3.434 232.010
5652
17/12/2006/00:13:00 2.526 236.950
5655
17/12/2006/01:23:00 1.756 241.180
5658
16/12/2006/20:06:00 3.282 232.520
5661
16/12/2006/20:20:00 3.302 232.690
5664
16/12/2006/21:40:00 2.360 236.890
5667
16/12/2006/21:35:00 1.872 238.480
5670
16/12/2006/18:20:00 2.928 235.250
5673
17/12/2006/00:19:00 2.396 239.030
5676
16/12/2006/17:46:00 7.026 232.210
5679
16/12/2006/17:53:00 3.178 235.280
5682
16/12/2006/21:03:00 3.342 237.660
5685
17/12/2006/00:39:00 2.454 240.760
5688
16/12/2006/18:13:00 2.308 237.430
5691
16/12/2006/19:11:00 3.414 234.190
5694
16/12/2006/22:26:00 1.530 240.720
5697
16/12/2006/21:47:00 3.502 236.460
5700
16/12/2006/20:25:00 3.230 232.790
5703
17/12/2006/01:18:00 3.840 238.270
5706
17/12/2006/00:17:00 0.790 239.470
5709
17/12/2006/00:16:00 0.422 239.790
5712
16/12/2006/20:38:00 3.196 232.210
5715
16/12/2006/23:42:00 2.370 241.480
5718
16/12/2006/18:23:00 2.926 235.680
5721
16/12/2006/19:08:00 3.476 234.600
5724
16/12/2006/21:44:00 3.424 237.750
5727
16/12/2006/19:55:00 3.202 232.200
5730
17/12/2006/01:25:00 4.500 239.040
5733
16/12/2006/17:36:00 5.224 232.990
5736
17/12/2006/01:04:00 4.582 238.080
5739
17/12/2006/00:26:00 2.354 240.640
5742
17/12/2006/00:28:00 2.368 241.400
5745
16/12/2006/18:07:00 6.474 231.850
5748
16/12/2006/22:11:00 2.810 237.970
5751
16/12/2006/18:35:00 6.072 232.480
5754
17/12/2006/01:19:00 4.636 237.370
5757
16/12/2006/20:48:00 3.440 235.130
5760
17/12/2006/01:06:00 2.362 241.350
5763
16/12/2006/18:03:00 3.740 236.930
5766
17/12/2006/01:20:00 4.634 237.170
5769
16/12/2006/22:33:00 2.430 239.770
5772
17/12/2006/01:41:00 4.500 240.420
5775
16/12/2006/19:52:00 3.376 232.840
5778
16/12/2006/22:08:00 3.358 236.140
5781
16/12/2006/23:27:00 2.444 240.110
5784
16/12/2006/18:42:00 2.258 235.120
5787
16/12/2006/21:21:00 3.412 236.940
5790
16/12/2006/22:05:00 3.362 235.700
5793
17/12/2006/00:55:00 0.356 242.130
5796
16/12/2006/20:52:00 3.480 236.860
5799
16/12/2006/19:10:00 3.400 234.280
5802
16/12/2006/22:07:00 1.614 237.310
5805
